
2.06
4.12
4.12
7.22
5.67
4.12
9.79
7.73
8.76
7.22
1.03
8.25
7.73
8.25
8.76
9.28
0.31
8.76
9.79
0.31
5.15
6.19
9.79
9.79
0.31
0.82
0.82
0.82
0.31
8.25
7.73
0.31
9.79
2.37
9.28
0.82
0.82
0.31
1.34
1.34
7.73
0.31
1.34
1.86
0.31
9.79
0.82
9.79
9.79
0.31
9.28
0.31
9.79
0.82
9.79
9.79
0.31
0.31
8.25
8.25
9.79
9.28
9.28
9.28
9.79
8.25
9.28
8.25
0.82
7.73
9.28
0.82
1.34
6.19
0.31
9.28
0.31
9.28
56.7
9.79
9.28
9.28
9.28
9.79
8.76
56.7
7.73
7.22
0.31
8.25
1.34
9.28
9.28
2.37
7.73
8.76
7.73
8.25
5.15
9.79
9.28
9.79
8.25
0.31
9.28
9.79
5.67
7.22
6.19
5.67
9.28
0.31
7.73
0.31
8.76
0.31
9.28
3.09
0.82
9.79
8.76
8.25
9.79
56.7
7.22
6.19
0.52
8.76
8.25
9.28
9.28
8.25
8.25
56.7
9.28
5.67
5.15
3.61
9.28
4.64
9.28
9.28
0.31
9.79
4.12
9.28
6.19
4.64
4.64
8.25
9.79
8.25
0.31
7.22
9.79
7.73
5.67
8.25
5.15
5.67
9.79
56.7
56.7
6.19
7.73
5.67
3.61
7.73
8.76
8.25
9.79
9.28
7.73
4.12
6.19
7.73
8.76
7.73
7.73
4.12
8.25
8.25
8.25
0.82
8.25
8.76
9.28
5.15
8.76
3.09
9.79
6.19
8.25
6.19
7.73
7.73
8.25
4.64
56.7
0.82
0.82
56.7
8.76
9.79
56.7
9.28
9.28
9.79
2.58
9.28
1.34
7.22
8.76
6.19
4.12
7.73
9.79
7.22
7.73
5.67
9.79
8.76
56.7
8.25
7.73
8.76
8.76
4.12
7.73
7.22
9.28
7.73
7.22
9.28
5.15
56.7
8.76
7.73
8.76
9.28
56.7
9.28
8.25
5.15
6.19
8.76
8.25
56.7
7.22
8.25
8.76
7.73
5.15
8.25
5.15
5.15
3.61
0.31
3.61
56.7
7.73
9.28
8.25
7.22
6.19
6.19
8.25
5.15
2.58
56.7
9.28
8.25
5.67
6.19
56.7
8.76
5.15
6.19
3.61
9.79
7.73
7.73
7.73
8.76
7.73
8.25
8.25
4.64
56.7
56.7
8.76
7.73
7.22
8.76
6.19
8.25
7.73
4.64
5.67
56.7
9.79
56.7
0.31
6.19
0.82
9.28
9.79
56.7
0.82
5.67
1.86
8.25
9.79
4.64
6.19
0.31
8.76
5.67
6.19
7.22
3.09
8.76
8.76
56.7
56.7
56.7
7.73
8.76
8.25
5.67
9.28
7.22
5.67
5.67
6.19
8.25
8.76
4.64
5.67
5.15
9.79
5.15
7.22
6.19
9.28
7.22
3.09
5.15
7.22
5.15
7.22
56.7
7.22
9.28
56.7
7.73
4.64
6.19
3.61
7.22
7.73
7.73
6.19
5.15
7.22
8.76
8.76
2.06
7.73
7.73
7.73
8.25
7.22
56.7
6.19
7.73
7.22
4.12
7.22
56.7
8.25
56.7
5.15
56.7
8.25
6.19
5.67
7.73
7.73
9.79
8.25
8.76
7.73
4.64
4.12
4.12
8.25
3.09
0.31
8.76
4.64
2.37
5.67
8.76
5.67
4.12
8.76
7.73
6.19
6.19
0.31
4.64
7.73
4.64
8.25
7.22
7.22
2.06
5.67
4.12
0.31
56.7
9.79
8.25
5.15
9.28
5.67
6.19
7.22
7.22
1.34
3.61
8.76
7.22
7.73
7.73
56.7
9.79
7.22
4.64
8.76
9.28
56.7
5.15
56.7
2.58
4.12
7.22
6.19
7.22
9.79
9.79
8.25
6.19
56.7
56.7
7.73
8.76
7.73
8.25
8.76
6.19
5.67
56.7
56.7
7.22
8.25
8.25
8.76
4.64
5.67
7.22
7.22
4.64
4.64
4.12
5.67
56.7
6.19
7.22
8.25
5.67
8.25
56.7
56.7
0.31
8.76
6.19
9.28
6.19
56.7
5.67
7.22
5.67
6.19
3.09
9.28
1.55
8.25
56.7
9.28
8.76
4.12
8.25
7.22
0.31
7.73
7.73
2.58
8.76
0.31
5.67
0.82
8.76
8.76
7.22
7.73
8.25
56.7
4.64
0.31
6.19
56.7
3.61
6.19
7.73
8.25
56.7
5.15
2.58
8.76
8.76
7.22
56.7
0.31
7.22
5.15
4.12
9.79
8.25
5.67
0.31
6.19
7.73
56.7
7.22
7.22
2.58
5.67
3.61
6.19
7.73
6.19
8.25
9.28
4.12
3.61
7.73
3.61
7.22
9.28
7.22
5.67
8.25
56.7
56.7
5.67
56.7
4.64
56.7
7.73
6.19
5.15
7.22
5.67
8.25
0.31
8.76
4.64
56.7
56.7
8.76
5.67
6.19
7.22
8.25
5.15
3.09
7.22
2.58
4.64
7.73
7.22
4.12
7.22
0.31
56.7
4.12
56.7
4.12
5.67
1.34
5.15
7.22
4.12
56.7
5.15
7.22
7.73
56.7
1.34
7.73
5.67
7.22
7.22
5.15
7.73
1.55
0.82
8.25
9.28
3.61
8.25
3.09
1.34
5.67
7.22
7.22
8.76
6.19
56.7
9.28
56.7
56.7
7.73
6.19
9.28
5.67
6.19
8.25
6.19
8.76
7.73
4.64
5.15
5.67
7.73
5.15
8.25
56.7
0.31
7.22
6.19
7.22
8.25
7.22
5.67
6.19
9.28
7.73
8.76
9.28
7.22
4.64
56.7
0.82
2.06
1.55
5.67
2.58
7.22
7.73
7.73
5.15
6.19
0.31
7.22
8.76
7.22
8.25
7.22
7.73
5.15
1.34
7.22
8.76
7.22
7.22
8.76
4.64
9.28
56.7
4.64
2.58
8.25
4.64
6.19
4.12
7.73
5.67
8.25
3.61
5.15
4.12
3.09
5.67
2.58
8.25
5.67
5.15
7.22
0.31
